var assault=[
    [2303.19, 2421.28, 1118.65, 1035.79, 1742.53, 1668.13, 1500.8, 2001.46, 1889.4, 1214.88, 1294.06, 1818.74, 998.06],
    [1305.45, 3627.55, 5490.3, 6107, 5195.75, 5251.77, 7298.8, 8823.51, 6820.27, 8349.38, 5463.12, 4456.28, 4620.44],
    [1263.93, 2277.61, 2439.32, 2938.92, 2709.29, 3898.04, 3053.48, 3488.21, 3348.21, 2259.85, 1835.01, 1038.19, 757.76],
    [7301.75, 8371.73, 9090.47, 9699.1, 9091.87, 9416.87, 7362.28, 5116.37, 5097.97, 5088.95, 4611.93, 4696.47, 3114.9],
    ['-', 263.63, 492.66, 485.11, 513.59, 815.01, 606.42, 567.54, 538.58, 507.22, 480.07, 501.09, 279.86]
]


var burglary=[
    [1509.14, 1527.45, 710.48, 671.66, 934.66, 954.48, 839.09, 501.62, 422.85, 110.38, 124.56, 237.14, 90.12],
    [3962.6, 6444.46, 6610.75, 6982.42, 5874.35, 6580.48, 10650.34, 10481.52, 10288.41, 9439.77, 8169.14, 5574.61, 4591.67],
    [1128.51, 2424.09, 2454.19, 3362.13, 2587.06, 2557.26, 1827.11, 2374.63, 2234.51, 1334.94, 1143.28, 840.38, 473.7],
    [19231.34, 20227.72, 21872.98, 21381.79, 20050.27, 20528.01, 21660.01, 20410.17, 20620.11, 19813.95, 19134.56, 18576.42, 12917.89],
    [1793.85, 1611.77, 2897.27, 2828.47, 2647.02, 2591.35, 2441.19, 2296.76, 2279.1, 2131.82, 2006.02, 770, 769.87]
]


var intentionalHomcide=
[
    [115.73, 132.97, 55.46, 59.1, 153.05, 158.13, 214.13, 161.13, 146.04, 65.1],
    [169.94, 338.61, 355.9, 429.6, 429.78, 401.32, 500.03, 476.66, 548.76, 483.73],
    [74.88, 104.2, 107.54, 104, 88.86, 111.03, 88.55, 94.66, 96.45, 81.22],
    [317.53, 339.03, 391.03, 386.65, 379.17, 387.22, 373.93, 402.14, 439.83, 442.47],
    ['-', '-', 24.04, 28.25, 26.97, 26.37, 26.06, 25.84, 30.08, 29.8]
];


var kidnapping=[
    [14.46, 12.65, 2.22, 3.09, 7.71, 8.01, 9.38, 8.48, 9.45, 10.3, 15.12],
    [19.08, 31.77, 46.32, 44.61, 47.95, 42.28, 47.59, 38.89, 48.08, 42.34, 27.47],
    [42.67, 65.13, 68.46, 65.89, 41.74, 76.36, 68.15, 62.47, 59.58, 56.8, 40.91],
    [36.68, 53.06, 56.05, 66.05, 62.88, 65.23, 70.09, 63.02, 62.98, 63.79, 65],
    ['-', '-', 6.99, 8.38, 7.98, 7.98, 6.98, 8, 9.31, 8.08, 6.99]
]

var MotorVehicleTheft=[
    [154.5, 164.41, 130.63, 131.17, 173.85, 158.18, 146.45, 96.08, 104.05, 72.09, 61.48, 71.21, 48.04],
    [3050.45, 2996.55, 2059.89, 2297.84, 2195.29, 2410.42, 3547.74, 3452.06, 3269.29, 3730.26, 3281.47, 3344.66, 3032.85],
    [415.68, 1094.08, 1716.55, 1647.56, 1148.31, 1549.83, 1234, 1220.37, 1311.98, 1188.86, 884.72, 501.6, 360.89],
    [7405.91, 7437.73, 7820.34, 7374.22, 5905.46, 5614.62, 5358.31, 4348.8, 4049.55, 3664.8, 3466.85, 3292.45, 2530.34],
    [498.08, 440.01, 975.68, 961.85, 872.79, 815.8, 773.61, 672.26, 690.47, 629.81, 634.53, 190.84, 194.6]
]


var rape=[
    [115.73, 132.97, 55.46, 59.1, 153.05, 158.13, 214.13, 161.13, 146.04, 65.1],
    [169.94, 338.61, 355.9, 429.6, 429.78, 401.32, 500.03, 476.66, 548.76, 483.73],
    [74.88, 104.2, 107.54, 104, 88.86, 111.03, 88.55, 94.66, 96.45, 81.22],
    [317.53, 339.03, 391.03, 386.65, 379.17, 387.22, 373.93, 402.14, 439.83, 442.47],
    ['-', '-', 24.04, 28.25, 26.97, 26.37, 26.06, 25.84, 30.08, 29.8]
]

var robbery=[
    [500.82, 623.78, 424.24, 413.25, 464.11, 519.01, 659.93, 1102.79, 1077.75, 1105.24, 1084.94, 1089.05, 1234.17],
    [1466.43, 3202.15, 5077.49, 6442.69, 5464.56, 5910.59, 6356.91, 6799.54, 6696.86, 5761.62, 6308.72, 6169.4, 4485.07],
    [363.77, 509.05, 554.07, 555.32, 518.66, 753.3, 661.48, 622.47, 663.35, 677.68, 609.84, 218.94, 172.94],
    [4551.33, 4529.11, 4631.14, 4693.09, 4360.68, 4368.87, 4278.82, 2656.33, 2621.93, 2554.55, 2395.12, 2139.75, 1611.59],
    ['-', 26.43, 61.27, 75.66, 77.95, 72.33, 61.56, 123.07, 113.68, 104.47, 95.84, 86.73, 37.41]
]

var SexualOffenceagianstChildren=[
    [7.6, 13, 105, 131.7, 138.9, 163.3, 253.6, 292.1, 310.2, 186.7, 172, 152],
    ['-', 210.8, 595.9, 1030.5, 1150.1, 1332.9, 1979.9, 2105.6, 2418.8, 2334.5, 1610.1, 1009.8],
    [54.3, 242.9, 237.3, 280.8, 462.3, 552.6, 453.5, 553.7, 612.5, 538.8, 477.7, 127],
    [1188.6, 1526.5, 1689.4, 1858.2, 2111.1, 2536.5, 2298.4, 2385.5, 2528.4, 2633.3, 3716.5, 3172],
    ['-', '-', 113.4, 139.3, 139.4, 130.9, 132, 139, 174.3, 171.9, 190.2, '-']
]


var theft=[
    [4711.3, 4856.43, 2597.78, 2821.81, 3208.5, 3216.42, 2974.95, 3537.7, 3173.84, 1338, 1424.66, 2422.18, 1032.65],
    [12504.32, 15543.64, 12871.78, 17131.32, 15865.05, 17700.4, 18294.06, 18418.53, 18742.67, 17970.43, 15243.78, 14450.93, 14865.65],
    [3486.22, 6887.71, 8261.07, 7919.72, 6864.47, 8936.44, 6806.94, 7509.54, 7877.69, 7749.69, 7186.94, 4685.03, 3203.91],
    [60264.71, 61743.08, 60321.55, 60096.49, 58068.53, 57755.39, 57026.82, 58371.31, 57422.95, 57537.74, 56883.35, 54282.34, 40209.57],
    [3162.04, 2920.61, 5864.29, 5759.67, 5418.26, 5290.89, 5044.03, 4830.03, 4828.36, 4528.2, 4401.02, 2054.72, 2122.49]
]